First string
Second string
Последняя
1
1................................................................2222222222222222222222222222222222222222......................................
2
2
3
3
4
4
5
5
3543
3434
34
3434343
34343434
3434343434
343434343434
34343434343434
3434343434343434
43434343443443
343434343434
3434343434
34343434
3434343
343434
34434
3434
3434
34
34344
34434
34434
3443434
34343434
3434343434
343434343434
.......................................................................111111111111111...........................................